x = [ 4 5 6 7 8]; %dB

%% Caso m = 3
%Probabilidad de error de bit
PEB_3 = [0.2940 0.2867 0.2779 0.2755 0.2750]; 

%Probabilidad de error de bloque
PEBq_3 = [0.6188 0.6092 0.5882 0.5838 0.5813];

%Efectividada de correccion de bloque (%)
ECB_3 = [22.4484 22.4147 24.1255 24.3364 24.3198];

%% Caso m = 4
%Probabilidad de error de bit
PEB_4 = [0.2900 0.2861 0.2807 0.2790 0.2797]; 

%Probabilidad de error de bloque
PEBq_4 = [0.932 0.9313 0.9226 0.9208 0.9209];

%Efectividada de correccion de bloque (%)
ECB_4 = [0.5866 0.0590 1.2014 1.1455 1.1815];

%% Caso m = 5
%Probabilidad de error de bit
PEB_5 = [0.2728 0.2712 0.2662 0.2657 0.2663]; 

%Probabilidad de error de bloque
PEBq_5 = [0.9995 1 0.9990 0.9987 0.9985];

%Efectividada de correccion de bloque (%)
ECB_5 = [-2.6174 -2.5300 -2.7807 -2.7822 -2.9900];


